TFIDF_Output: 0.2208226932534573
PRF_BM25: 0.29304103442145485
Lucene_Baseline: 0.3334767977240821
Lucene_Stopped: 0.35497863159640686
bm25Results: 0.22749744481300274
bm25StoppedResults: 0.3591071660668546
SQLMStopped: 0.27087760238788106
