TFIDF_Output: 0.3938917194534695
PRF_BM25: 0.5034613561401681
Lucene_Baseline: 0.5533050175011865
Lucene_Stopped: 0.5727241707710459
bm25Results: 0.32624818758111357
bm25StoppedResults: 0.5224927072448624
SQLMStopped: 0.4669629892676767
